 100
 60
 38
 88
 36
 93
 84
 10
 26
 64
 74
 80
 81
 55
 56
 24
 87
 21
 18
 32
  9
 78
 16
 50
 35
  7
 79
 61
 91
  4
  2
 58
 95
 28
 34
 12
 62
 65
  6
 25
100
 83
 82
 13
 96
 42
  5
 15
 67
 17
 90
 92
 20
 57
 44
 46
 70
 97
  1
 68
 72
 41
 37
 45
 27
 39
 66
 69
 63
 47
 49
 73
 98
 30
 31
 77
 89
 19
 22
 33
 76
 75
 29
 53
 14
 99
 59
 71
 86
 94
 48
 23
 40
 85
  8
 52
 43
  3
 11
 51
 54